    184.6700
    265.0000
    157.2400
    293.5800
    244.6400
    281.4500
    168.2700
      4.9100
    119.4200
     54.3600
    146.0400
      1.5300
    123.8200
    187.1600
    198.9500
    217.2600
    115.3800
    199.1200
    262.9900
     98.9400
    238.1100
    303.3300
     46.6400
     77.1100
     68.6800
    276.4400
    327.5700
    128.5900
     97.4100
      7.7800
     30.3500
     18.4200
    301.0600
     89.4200
    226.4800
    238.0500
     67.2900
    153.5000
    311.0100
     35.4800
    126.2300
    199.5400
    118.4000
     73.7600
    263.0800
    324.3900
    113.2300
    215.3800
     20.8200
    165.4100
